OLD
No Balancing
0.8578, 0.8192, 0.8279, 0.8071, 0.7951, 0.7812, 0.7765, 0.7794, 0.7374, 0.8181, 0.8180

Balanced Data
0.8362, 0.8094, 0.7528, 0.7737, 0.7863, 0.7272, 0.7408, 0.7105, 0.7391, 0.7961, 0.7508

Weighted Cost Function
0.8260, 0.8068, 0.7953, 0.815, 0.7968, 0.7931, 0.7824, 0.7833, 0.8068, 0.7655, 0.8197

NEW
No Balancing
0.8912, 0.8181, 0.8171, 0.8139, 0.7443, 0.8504, 0.8379, 0.8423, 0.8571, 0.8422, 0.8443, 0.8551

Weighted Cost Function
0.8927, 0.7651, 0.7844, 0.8018, 0.8165, 0.7688, 0.8334, 0.8311, 0.8213, 0.8591, 0.8521, 0.8303

Balanced Data
0.8978, 0.7579, 0.8226, 0.7836, 0.7941, 0.8309, 0.8072, 0.8004, 0.7581, 0.7888, 0.8177, 0.81



RANDOM
0.89349997, 0.77740002, 0.8294, 0.8538, 0.83960003, 0.852, 0.85710001, 0.87300003, 0.86309999, 0.8603, 0.87519997, 0.88059998

THING
